i<-c(1,2,3,4)
o<-1:10
p<-i+o
p