d<-c(5,12,18,3,25,7)
f<-d[d>10]
f